181
15
7
183
102
190
156
245
7
33
146
44
16
198
162
125
114
64
216
130
148
227
211
194
78
85
6
100
19
109
169
173
240
171
144
160
205
159
25
201
2
173
226
95
143
130
56
136
192
229
1
96
243
222
121
231
217
222
27
239
120
101
1
3
68
185
151
55
122
7
86
72
70
63
157
141
182
111
233
210
12
111
194
10
104
189
185
14
221
241
126
112
216
252
209
8
51
246
41
75
57
135
119
244
199
121
222
34
238
88
69
164
110
132
28
203
103
248
165
70
45
235
108
134
14
150
187
107
68
144
242
92
124
200
8
174
109
71
29
255
142
158
181
133
114
50
169
228
68
165
